{
 "cells": [
  {
   "cell_type": "markdown",
   "metadata": {},
   "source": [
    "# **TOÁN ỨNG DỤNG VÀ THỐNG KÊ**\n",
    "## **Project 2 - Đồ án Gram - Schmidt**"
   ]
  },
  {
   "cell_type": "markdown",
   "metadata": {},
   "source": [
    "## **1. Thông tin sinh viên**\n",
    "- Họ và tên: Nguyễn Thái Bảo\n",
    "- Mã số sinh viên: 23120023\n",
    "- Lớp: 23CTT1\n",
    "- Email: 23120023@student.hcmus.edu.vn"
   ]
  },
  {
   "cell_type": "markdown",
   "metadata": {},
   "source": [
    "***\n",
    "## **2. Giải thuật Gram - Schmidt**\n",
    "\n",
    "Cho {u1, u2, ..., un} là họ các vector nằm trong không gian Euclid V, từ các vector {u1, u2, ..., un}, ta sẽ xây dựng một họ trực giao {v1, v2, ..., vn} hoặc họ trực chuẩn {q1, q2, ..., qn}.\n",
    "\n",
    "**a. Cổ điển**\n",
    "\n",
    "- Bước 1. Đặt v1 = u1, nếu v1 = 0 thì họ không độc lập tuyến tính và kết thúc.\n",
    "\n",
    "- Bước 2. Đặt v2 = u2 − <u2, v1> / ||v1||^2 * v1  \n",
    "Nếu v3 = 0 thì họ không độc lập tuyến tính và kết thúc.\n",
    "\n",
    "- Bước 3. Đặt v3 = u3 − <u3, v1> / ||v1||^2 * v1 − <u3, v2> / ||v2||^2 * v2  \n",
    "Nếu v2 = 0 thì họ không độc lập tuyến tính và kết thúc.  \n",
    "Tương tự cho đến vn. Như vậy ta đã xây dựng được một họ các vector trực giao {v1, v2, ..., vn}.\n",
    "\n",
    "- Bước 4. V Nếu yêu cầu xây dựng họ các vector trực chuẩn, ta tìm các vector trực chuẩn như sau:  \n",
    "q1 = v1 / ||v1||  \n",
    "q2 = v2 / ||v2||  \n",
    "...  \n",
    "qn = vn / ||vn||\n",
    "\n",
    "**b. Có điều chỉnh (modified)**\n",
    "\n",
    "- Bước 1. Đặt q1 - v1 / ||v1||.\n",
    "\n",
    "- Bước 2. Đặt v2 = u2 − <u2, q1> * q1 và q2 = v2 / ||v2||.\n",
    "\n",
    "- Bước 3. Đặt v3 = u3 − <u3, q1> * q1 − <u3, q2> * q2 và q3 = v3 / ||v3||.  \n",
    "Tương tự cho đến vn, qn. Như vậy ta đã xây dựng được một họ các vector trực giao {v1, v2, ..., vn} và họ các vector trực chuẩn {q1, q2, ..., qn}.  \n",
    "Nếu tồn tại vi = 0 thì họ không độc lập tuyến tính và kết thúc.\n"
   ]
  },
  {
   "cell_type": "markdown",
   "metadata": {},
   "source": [
    "***\n",
    "## **3. Các hàm tiện ích**"
   ]
  },
  {
   "cell_type": "code",
   "execution_count": 1,
   "metadata": {},
   "outputs": [],
   "source": [
    "# Hàm tính tích vô hướng của hai vector\n",
    "def dot_product(v1, v2):\n",
    "    \"\"\"Tính tích vô hướng của hai vector v1 và v2\"\"\"\n",
    "    return sum(x * y for x, y in zip(v1, v2))"
   ]
  },
  {
   "cell_type": "code",
   "execution_count": 2,
   "metadata": {},
   "outputs": [],
   "source": [
    "# Hàm tính chuẩn (độ dài) của vector\n",
    "def norm(v):\n",
    "    \"\"\"Tính chuẩn (độ dài) của vector v\"\"\"\n",
    "    return sum(x ** 2 for x in v) ** 0.5"
   ]
  },
  {
   "cell_type": "code",
   "execution_count": 3,
   "metadata": {},
   "outputs": [],
   "source": [
    "# Hàm nhân hai ma trận\n",
    "def multiply_matrices(A, B):\n",
    "    \"\"\"Nhân hai ma trận A và B\"\"\"\n",
    "    m, n = len(A), len(B[0])  # Số hàng của A và số cột của B\n",
    "    p = len(B)  # Số hàng của B\n",
    "    if len(A[0]) != p:\n",
    "        raise ValueError(\"Số cột của A không bằng số hàng của B.\")\n",
    "    \n",
    "    C = [[0] * n for _ in range(m)]  # Khởi tạo ma trận C với giá trị 0\n",
    "    for i in range(m):\n",
    "        for j in range(n):\n",
    "            C[i][j] = sum(A[i][k] * B[k][j] for k in range(p))  # Tính giá trị cho C[i][j]\n",
    "    \n",
    "    return C"
   ]
  },
  {
   "cell_type": "code",
   "execution_count": 4,
   "metadata": {},
   "outputs": [],
   "source": [
    "# Hàm in ma trận\n",
    "def print_matrix(matrix):\n",
    "    \"\"\"In ma trận thẳng hàng, cột\"\"\"\n",
    "    for row in matrix:\n",
    "        print(row)"
   ]
  },
  {
   "cell_type": "code",
   "execution_count": 5,
   "metadata": {},
   "outputs": [],
   "source": [
    "# Hàm in ma trận Q, R và kiểm tra A = QR\n",
    "def print_and_reconstruct(Q, R):\n",
    "    \"\"\"In ma trận Q, R và kiểm tra A = QR\"\"\"\n",
    "\n",
    "    print(\"Ma trận Q:\")\n",
    "    print_matrix(Q)\n",
    "    print(\"Ma trận R:\")\n",
    "    print_matrix(R)\n",
    "\n",
    "    # Kiểm tra A = QR\n",
    "    A_reconstructed = multiply_matrices(Q, R)\n",
    "    print(\"Kiểm tra A = QR:\")\n",
    "    print_matrix(A_reconstructed)"
   ]
  },
  {
   "cell_type": "markdown",
   "metadata": {},
   "source": [
    "---\n",
    "## **4. Hàm phân rã QR bằng thuật toán Gram Schmidt**"
   ]
  },
  {
   "cell_type": "markdown",
   "metadata": {},
   "source": [
    "### **a. Thuật toán Gram Schmidt cổ điển**"
   ]
  },
  {
   "cell_type": "code",
   "execution_count": 6,
   "metadata": {},
   "outputs": [],
   "source": [
    "def gram_schmidt_classic(A):\n",
    "    \"\"\"Thực hiện phân rã QR bằng thuật toán Gram-Schmidt cổ điển\"\"\"\n",
    "    rows, cols = len(A), len(A[0])  # Lấy số hàng và số cột\n",
    "    Q = [[0] * cols for _ in range(rows)]  # Khởi tạo ma trận Q với giá trị 0\n",
    "    R = [[0] * cols for _ in range(cols)]  # Khởi tạo ma trận R với giá trị 0\n",
    "    U = [[A[row][col] for row in range(rows)] for col in range(cols)]  # Lưu các vector cột của A vào U\n",
    "    V = [[0] * rows for _ in range(cols)]  # Khởi tạo ma trận V với giá trị 0\n",
    "    Q_cols = []  # Danh sách các vector q1, q2, ..., qn\n",
    "\n",
    "    for i in range(cols):\n",
    "        V[i] = U[i][:]  # Sao chép cột i của U vào cột i của V\n",
    "\n",
    "        # V2 = U2 - <U2, V1> * V1\n",
    "        # V3 = U3 - <U3, V1> * V1 - <U3, V2> * V2\n",
    "        # Tổng quát: V[i] = U[i] - sum(<U[i], V[j]> * V[j] cho j từ 0 đến i-1\n",
    "\n",
    "        for j in range(i):\n",
    "            coeff = dot_product(U[i], V[j])\n",
    "            norm_sq = dot_product(V[j], V[j])\n",
    "\n",
    "            for row in range(rows):\n",
    "                V[i][row] -= coeff / norm_sq * V[j][row]\n",
    "\n",
    "        # Nếu V[i] = 0\n",
    "        if norm(V[i]) == 0:\n",
    "            raise ValueError(\"Các cột của A không độc lập tuyến tính.\")\n",
    "        \n",
    "        norm_V_i = norm(V[i])\n",
    "        q_i = [V[i][row] / norm_V_i for row in range(rows)]\n",
    "        \n",
    "        # Lưu trữ vector q_i vào danh sách Q_cols\n",
    "        Q_cols.append(q_i)\n",
    "\n",
    "\n",
    "    # Xây dựng ma trận Q từ danh sách các vector trực chuẩn\n",
    "    Q = [[Q_cols[j][i] for j in range(cols)] for i in range(rows)]\n",
    "    \n",
    "    # Xây dựng ma trận R từ Q và U\n",
    "    for i in range(cols):\n",
    "        for j in range(i, cols):\n",
    "            R[i][j] = dot_product(Q_cols[i], U[j])\n",
    "\n",
    "    return Q, R"
   ]
  },
  {
   "cell_type": "markdown",
   "metadata": {},
   "source": [
    "### **b. Thuật toán Gram Schmidt điều chỉnh**"
   ]
  },
  {
   "cell_type": "code",
   "execution_count": 7,
   "metadata": {},
   "outputs": [],
   "source": [
    "def gram_schmidt_modified(A):\n",
    "    \"\"\"Thực hiện phân rã QR bằng thuật toán Gram-Schmidt trực chuẩn hóa\"\"\"\n",
    "    rows, cols = len(A), len(A[0])  # Lấy số hàng và số cột\n",
    "    Q = [[0] * cols for _ in range(rows)]  # Khởi tạo ma trận Q với giá trị 0\n",
    "    R = [[0] * cols for _ in range(cols)]  # Khởi tạo ma trận R với giá trị 0\n",
    "    \n",
    "    Q_cols = []  # Danh sách các vector q1, q2, ..., qn\n",
    "    \n",
    "    for i in range(cols):\n",
    "        v = [A[row][i] for row in range(rows)]  # Lấy cột thứ i của ma trận A\n",
    "\n",
    "        for q in Q_cols:\n",
    "            coeff = dot_product(q, v)\n",
    "            v = [v[j] - coeff * q[j] for j in range(rows)]  # Trừ thành phần đã chiếu\n",
    "        \n",
    "        norm_v = norm(v)\n",
    "        if norm_v == 0:\n",
    "            raise ValueError(\"Các cột của A không độc lập tuyến tính.\")\n",
    "        \n",
    "        q_i = [x / norm_v for x in v]\n",
    "        Q_cols.append(q_i)  # Lưu vector trực chuẩn vào danh sách\n",
    "    \n",
    "    # Xây dựng ma trận Q từ danh sách các vector trực chuẩn\n",
    "    Q = [[Q_cols[j][i] for j in range(cols)] for i in range(rows)]\n",
    "    \n",
    "    # Xây dựng ma trận R từ Q và A\n",
    "    for i in range(cols):\n",
    "        for j in range(i, cols):\n",
    "            R[i][j] = dot_product([A[row][j] for row in range(rows)], Q_cols[i])\n",
    "    \n",
    "    return Q, R"
   ]
  },
  {
   "cell_type": "markdown",
   "metadata": {},
   "source": [
    "***\n",
    "## **5. Kiểm tra kết quả**"
   ]
  },
  {
   "cell_type": "code",
   "execution_count": 15,
   "metadata": {},
   "outputs": [
    {
     "name": "stdout",
     "output_type": "stream",
     "text": [
      "Ma trận A:\n",
      "[0, 1, 1, 1]\n",
      "[2, -1, 2, 0]\n",
      "[1, 0, 0, 0]\n",
      "[0, 0, -1, 1]\n",
      "\n",
      "Phân rã QR bằng thuật toán Gram-Schmidt cổ điển:\n",
      "Ma trận Q:\n",
      "[0.0, 0.9128709291752769, 0.31622776601683783, 0.2581988897471611]\n",
      "[0.8944271909999159, -0.18257418583505533, 0.31622776601683783, 0.2581988897471611]\n",
      "[0.4472135954999579, 0.36514837167011077, -0.6324555320336759, -0.5163977794943224]\n",
      "[0.0, 0.0, -0.6324555320336759, 0.7745966692414834]\n",
      "Ma trận R:\n",
      "[2.23606797749979, -0.8944271909999159, 1.7888543819998317, 0.0]\n",
      "[0, 1.0954451150103321, 0.5477225575051663, 0.9128709291752769]\n",
      "[0, 0, 1.5811388300841893, -0.31622776601683805]\n",
      "[0, 0, 0, 1.0327955589886444]\n",
      "Kiểm tra A = QR:\n",
      "[0.0, 1.0, 1.0, 1.0]\n",
      "[2.0, -0.9999999999999999, 1.9999999999999996, -2.7755575615628914e-17]\n",
      "[1.0, 5.551115123125783e-17, 2.498001805406602e-16, 0.0]\n",
      "[0.0, 0.0, -0.9999999999999998, 1.0]\n",
      "\n",
      "Phân rã QR bằng thuật toán Gram-Schmidt điều chỉnh:\n",
      "Ma trận Q:\n",
      "[0.0, 0.9128709291752769, 0.31622776601683783, 0.25819888974716104]\n",
      "[0.8944271909999159, -0.18257418583505544, 0.31622776601683805, 0.2581988897471612]\n",
      "[0.4472135954999579, 0.3651483716701107, -0.6324555320336759, -0.5163977794943222]\n",
      "[0.0, 0.0, -0.6324555320336759, 0.7745966692414833]\n",
      "Ma trận R:\n",
      "[2.23606797749979, -0.8944271909999159, 1.7888543819998317, 0.0]\n",
      "[0, 1.0954451150103324, 0.5477225575051661, 0.9128709291752769]\n",
      "[0, 0, 1.5811388300841898, -0.31622776601683805]\n",
      "[0, 0, 0, 1.0327955589886444]\n",
      "Kiểm tra A = QR:\n",
      "[0.0, 1.0000000000000002, 0.9999999999999999, 0.9999999999999999]\n",
      "[2.0, -1.0, 2.0, -9.71445146547012e-17]\n",
      "[1.0, 5.551115123125783e-17, -8.326672684688674e-17, 1.6653345369377348e-16]\n",
      "[0.0, 0.0, -1.0, 0.9999999999999999]\n"
     ]
    }
   ],
   "source": [
    "# Ví dụ 1\n",
    "A = [[0, 1, 1, 1], [2, -1, 2, 0], [1, 0, 0, 0], [0, 0, -1, 1]]\n",
    "print(\"Ma trận A:\")\n",
    "print_matrix(A) \n",
    "print()\n",
    "\n",
    "print(\"Phân rã QR bằng thuật toán Gram-Schmidt cổ điển:\")\n",
    "Q_A1, R_A1 = gram_schmidt_classic(A)\n",
    "print_and_reconstruct(Q_A1, R_A1)\n",
    "print()\n",
    "\n",
    "print(\"Phân rã QR bằng thuật toán Gram-Schmidt điều chỉnh:\")\n",
    "Q_A2, R_A2 = gram_schmidt_modified(A)\n",
    "print_and_reconstruct(Q_A2, R_A2)"
   ]
  },
  {
   "cell_type": "code",
   "execution_count": 22,
   "metadata": {},
   "outputs": [
    {
     "name": "stdout",
     "output_type": "stream",
     "text": [
      "Ma trận A:\n",
      "[1, -1, 2]\n",
      "[1, 0, -1]\n",
      "[-1, 1, 2]\n",
      "[0, 1, 1]\n",
      "\n",
      "Phân rã QR bằng thuật toán Gram-Schmidt cổ điển:\n",
      "Ma trận Q:\n",
      "[0.5773502691896258, -0.25819888974716115, 0.7745966692414835]\n",
      "[0.5773502691896258, 0.5163977794943222, -0.25819888974716115]\n",
      "[-0.5773502691896258, 0.25819888974716115, 0.5163977794943223]\n",
      "[0.0, 0.7745966692414834, 0.25819888974716115]\n",
      "Ma trận R:\n",
      "[1.7320508075688776, -1.1547005383792517, -0.5773502691896258]\n",
      "[0, 1.2909944487358058, 0.2581988897471612]\n",
      "[0, 0, 3.098386676965934]\n",
      "Kiểm tra A = QR:\n",
      "[1.0000000000000002, -1.0000000000000002, 2.000000000000001]\n",
      "[1.0000000000000002, -1.1102230246251565e-16, -1.0000000000000004]\n",
      "[-1.0000000000000002, 1.0000000000000002, 2.0000000000000004]\n",
      "[0.0, 1.0000000000000002, 1.0000000000000004]\n",
      "\n",
      "Phân rã QR bằng thuật toán Gram-Schmidt điều chỉnh:\n",
      "Ma trận Q:\n",
      "[0.5773502691896258, -0.258198889747161, 0.7745966692414833]\n",
      "[0.5773502691896258, 0.5163977794943224, -0.25819888974716104]\n",
      "[-0.5773502691896258, 0.258198889747161, 0.5163977794943222]\n",
      "[0.0, 0.7745966692414834, 0.25819888974716115]\n",
      "Ma trận R:\n",
      "[1.7320508075688776, -1.1547005383792517, -0.5773502691896258]\n",
      "[0, 1.2909944487358054, 0.258198889747161]\n",
      "[0, 0, 3.098386676965933]\n",
      "Kiểm tra A = QR:\n",
      "[1.0000000000000002, -1.0, 1.9999999999999996]\n",
      "[1.0000000000000002, -1.1102230246251565e-16, -0.9999999999999998]\n",
      "[-1.0000000000000002, 1.0, 1.9999999999999996]\n",
      "[0.0, 0.9999999999999999, 1.0]\n"
     ]
    }
   ],
   "source": [
    "# Ví dụ 2\n",
    "A = [[1, -1, 2], [1, 0, -1], [-1, 1, 2], [0, 1, 1]]\n",
    "print(\"Ma trận A:\")\n",
    "print_matrix(A) \n",
    "print()\n",
    "\n",
    "print(\"Phân rã QR bằng thuật toán Gram-Schmidt cổ điển:\")\n",
    "Q_A1, R_A1 = gram_schmidt_classic(A)\n",
    "print_and_reconstruct(Q_A1, R_A1)\n",
    "print()\n",
    "\n",
    "print(\"Phân rã QR bằng thuật toán Gram-Schmidt điều chỉnh:\")\n",
    "Q_A2, R_A2 = gram_schmidt_modified(A)\n",
    "print_and_reconstruct(Q_A2, R_A2)"
   ]
  },
  {
   "cell_type": "markdown",
   "metadata": {},
   "source": [
    "**Nhận xét**:\n",
    "Khi nhân lại Q và R, có thể có sai số nhỏ do làm tròn, nhân số thực chấm động. Sai số rất nhỏ, bỏ qua sai số thì ta có kết quả A = QR."
   ]
  },
  {
   "cell_type": "markdown",
   "metadata": {},
   "source": [
    "***\n",
    "## **6. Mở rộng: Sử dụng thư viện và so sánh kết quả**\n",
    "\n",
    "Ta có thể sử dụng hàm `numpy.linalg.qr` trong thư viện NumPy để phân rã QR"
   ]
  },
  {
   "cell_type": "code",
   "execution_count": 18,
   "metadata": {},
   "outputs": [
    {
     "name": "stdout",
     "output_type": "stream",
     "text": [
      "Ma trận Q từ numpy:\n",
      "[[-0.5 -0.5  0.5]\n",
      " [ 0.5 -0.5  0.5]\n",
      " [-0.5 -0.5 -0.5]\n",
      " [ 0.5 -0.5 -0.5]]\n",
      "Ma trận R từ numpy:\n",
      "[[ 2.  4.  2.]\n",
      " [ 0. -2. -8.]\n",
      " [ 0.  0. -4.]]\n",
      "Nhân Q với R lại để kiểm tra:\n",
      "[[-1. -1.  1.]\n",
      " [ 1.  3.  3.]\n",
      " [-1. -1.  5.]\n",
      " [ 1.  3.  7.]]\n",
      "A = QR: \n",
      "True\n"
     ]
    }
   ],
   "source": [
    "# numpy.linalg.qr\n",
    "\n",
    "import numpy as np\n",
    "A = np.array([[-1, -1, 1], [1, 3, 3], [-1, -1, 5], [1, 3, 7]])\n",
    "Q, R = np.linalg.qr(A)\n",
    "\n",
    "print(\"Ma trận Q từ numpy:\")\n",
    "print(Q)\n",
    "\n",
    "print(\"Ma trận R từ numpy:\")\n",
    "print(R)\n",
    "\n",
    "print(\"Nhân Q với R lại để kiểm tra:\")\n",
    "A_reconstructed = np.dot(Q, R)\n",
    "print(A_reconstructed)\n",
    "\n",
    "print(\"A = QR: \")\n",
    "print(np.allclose(A, A_reconstructed))"
   ]
  },
  {
   "cell_type": "code",
   "execution_count": 11,
   "metadata": {},
   "outputs": [
    {
     "name": "stdout",
     "output_type": "stream",
     "text": [
      "Ma trận Q từ numpy:\n",
      "[[-0.33333333 -0.66666667  0.66666667]\n",
      " [-0.66666667 -0.33333333 -0.66666667]\n",
      " [ 0.66666667 -0.66666667 -0.33333333]]\n",
      "Ma trận R từ numpy:\n",
      "[[-3.          3.         -0.66666667]\n",
      " [ 0.         -3.         -2.33333333]\n",
      " [ 0.          0.          0.33333333]]\n",
      "Nhân Q với R lại để kiểm tra:\n",
      "[[ 1.  1.  2.]\n",
      " [ 2. -1.  1.]\n",
      " [-2.  4.  1.]]\n",
      "A = QR: \n",
      "True\n"
     ]
    }
   ],
   "source": [
    "# numpy.linalg.qr\n",
    "\n",
    "import numpy as np\n",
    "A = np.array([[1, 1, 2], [2, -1, 1], [-2, 4, 1]])\n",
    "Q, R = np.linalg.qr(A)\n",
    "\n",
    "print(\"Ma trận Q từ numpy:\")\n",
    "print(Q)\n",
    "\n",
    "print(\"Ma trận R từ numpy:\")\n",
    "print(R)\n",
    "\n",
    "print(\"Nhân Q với R lại để kiểm tra:\")\n",
    "A_reconstructed = np.dot(Q, R)\n",
    "print(A_reconstructed)\n",
    "\n",
    "print(\"A = QR: \")\n",
    "print(np.allclose(A, A_reconstructed))"
   ]
  },
  {
   "cell_type": "markdown",
   "metadata": {},
   "source": [
    "**Nhận xét**: Về mặt giá trị (tuyệt đối), kết quả của hàm `numpy.linalg.qr` trong thư viện NumPy của Python trả về là **tương đồng** với kết quả của hai thuật toán phân rã QR bằng giải thuật Gram Schmidt cổ điển và có điều chỉnh ở trên. Chỉ có sự khác nhau về dấu của một số cột/dòng, sao cho khi nhân lại kết quả không đổi.\n",
    "\n",
    "Qua đó, ta rút ra được một nhận xét: kết quả phân rã Q, R từ ma trận A **không là duy nhất**.\n"
   ]
  },
  {
   "cell_type": "markdown",
   "metadata": {},
   "source": [
    "***\n",
    "\n",
    "## **7. Mở rộng: Ứng dụng của QR Decomposition - Phân rã QR**\n",
    "\n",
    "### **Một số tính chất của QR Decomposition**\n",
    "\n",
    "QR decomposition là việc phân tách ma trận A kích thước m x n thành: A = QR\n",
    "\n",
    "Trong đó:\n",
    "- Q là ma trận m x n có **các vector cột trực chuẩn**, tức là `Q^T.Q = I`, hay `Q^T = Q^-1`.\n",
    "- R là ma trận n x n **tam giác trên khả nghịch**.\n",
    "\n",
    "\n",
    "### **Ứng dụng của QR Decomposition**\n",
    "\n",
    "> QR decomposition được ứng dụng rộng rãi trong *khoa học tính toán, thống kê, học máy và xử lý tín hiệu*. Dưới đây là một số ứng dụng tiêu biểu:\n",
    "\n",
    "#### **a. Giải hệ phương trình tuyến tính Ax = b**\n",
    "\n",
    "QR decomposition giúp giải hệ tuyến tính bằng cách:\n",
    "1. Phân tích  `A = QR `\n",
    "2. Thay vào phương trình  `Ax = b --> QRx = b `\n",
    "3. Giải:\n",
    "   -  `Q^T.b = c `\n",
    "   -  `Rx = c`  (giải bằng phép thế ngược do  R  là ma trận tam giác trên)\n",
    "\n",
    "**Ưu điểm**: ổn định số học hơn phương pháp khử Gauss, đặc biệt với ma trận gần suy biến.\n",
    "\n",
    "#### **b. Phân tích hồi quy tuyến tính (Least Squares)**\n",
    "\n",
    "Trong bài toán tìm nghiệm tối ưu (tối thiểu hóa sai số bình phương - bình phương nhỏ nhất): `min_x ||Ax - b||^2`\n",
    "\n",
    "\n",
    "Thay vì giải phương trình chuẩn  `A^T.Ax = A^T.b` , ta dùng phân rã QR:  \n",
    "`A = QR --> ||Ax - b|| = ||QRx - b|| = ||Rx - Q^T.b||`\n",
    " (do Q trực giao)\n",
    "\n",
    "Giải hệ tam giác trên  `Rx = Q^T.b`\n",
    "\n",
    "**Ưu điểm**: tránh mất chính xác do nhân chuyển vị  `A^T.A` \n",
    "\n",
    "#### **c. Tính trị riêng bằng thuật toán QR (QR Algorithm)**\n",
    "\n",
    "Sử dụng QR decomposition trong thuật toán `QR iteration` để tìm trị riêng:\n",
    "\n",
    "1.  `A_k = Q_k.R_k` \n",
    "2.  `A_{k+1} = R_k.Q_k`\n",
    "\n",
    "Lặp lại cho đến khi hội tụ về ma trận tam giác trên với trị riêng nằm trên đường chéo.\n",
    "\n",
    "**Ứng dụng**: phân tích rung động, xử lý ảnh, nhận dạng mẫu, ...\n",
    "\n",
    "#### **d. Ứng dụng trong học máy và phân tích dữ liệu**\n",
    "\n",
    "- Dùng trong phương pháp Phân tích thành phần chính `Principal Component Analysis (PCA)` và Giảm chiều dữ liệu `Dimensionality Reduction`.\n",
    "- Hỗ trợ trực chuẩn hóa vector cơ sở ==> giảm nhiễu và trích xuất đặc trưng hiệu quả hơn.\n",
    "- Tăng độ ổn định số học trong các bước tính nội bộ của mô hình học máy trong các thư viện như `scikit-learn`.\n",
    "\n",
    "#### **e. Ứng dụng trong xử lý tín hiệu số**\n",
    "\n",
    "- Trong các bộ lọc thích nghi (`adaptive filtering`)\n",
    "- Hỗ trợ thuật toán RLS (`Recursive Least Squares`)\n"
   ]
  },
  {
   "cell_type": "markdown",
   "metadata": {},
   "source": [
    "***\n",
    "## **8. Mô tả ý tưởng và các hàm**\n",
    "### **Ý tưởng**\n",
    "\n",
    "Bài toán yêu cầu phân rã ma trận A thành tích A = QR, trong đó:\n",
    "\n",
    "- Q là ma trận trực giao (hoặc ma trận gồm các vector cột trực chuẩn nếu A không là ma trận vuông).\n",
    "- R là ma trận tam giác trên khả nghịch.\n",
    "\n",
    "Để thực hiện, ta có thể triển khai một trong hai thuật toán:\n",
    "\n",
    "- `Thuật toán Gram-Schmidt cổ điển`: Dựa trên việc loại bỏ thành phần trực giao của các vector để xây dựng một họ trực giao (v1, v2, ..., vn), sau đó có thể chuẩn hóa để tạo thành họ trực chuẩn (q1, q2, ..., qn).\n",
    "- `Thuật toán Gram-Schmidt điều chỉnh`: Cải tiến thuật toán cổ điển để giảm sai số số học, đảm bảo độ chính xác cao hơn khi làm việc với các số thực.\n",
    "\n",
    "Ngoài ra, ta cũng có thể mở rộng so sánh kết quả với hàm `numpy.linalg.qr` từ thư viện NumPy của Python để kiểm tra tính chính xác.\n",
    "\n",
    "### **Thuật giải phân rã QR - QR decomposition**\n",
    "- Bước 1. Xác định n cột của A = [u1 | u2 | ... | un].\n",
    "\n",
    "- Bước 2. Thực hiện thuật giải Gram - Schmidt trực chuẩn hóa u1, u2,..., un. Thông báo nếu các cột của A không độc lập tuyến tính và kết thúc,ngược lại sẽ nhận được q1, q2, ..., qn là họ trực chuẩn tương ứng.\n",
    "\n",
    "- Bước 3. Xây dựng ma trận Q gồm n cột q1, q2, ..., qn.\n",
    "\n",
    "- Bước 4. Xây dựng ma trận R kích thước n × n có dạng:  \n",
    "[<u1, q1>   <u2, q1>    ...     <un, q1>]  \n",
    "[0          <u2, q2>    ...     <un, q2>]  \n",
    ".           .           .       .  \n",
    ".           .            .      .  \n",
    ".           .             .     .  \n",
    "[0          0           ...     <un, qn>]  \n",
    "\n",
    "### **Mô tả các hàm**\n",
    "\n",
    "**1. Hàm `dot_product(v1, v2)`**\n",
    "> Tính tính vô hướng của hai vector v1 và v2\n",
    "\n",
    "**2. Hàm `norm(v)`**\n",
    "> Tính chuẩn (độ dài) của vector v\n",
    "\n",
    "**3. Hàm `multiply_matrices(A, B)`**\n",
    "> Thực hiện nhân hai ma trận\n",
    "\n",
    "**4. Hàm `print_and_reconstruct(A, Q, R)`**\n",
    "> In ra ma trận Q, R và nhân lại để kiểm tra\n",
    "\n",
    "**5. Hàm `print_matrix(matrix)`**\n",
    "> In ma trận\n",
    "\n",
    "**6. Hàm `gram_schmidt_classic(A)`**\n",
    "> Phân rã QR bằng thuật toán Gram - Schmidt cổ điển, trả về Q và R\n",
    "\n",
    "**7. Hàm `gram_schmidt_modified(A)`**\n",
    "> Phân rã QR bằng thuật toán Gram - Schmidt có điều chỉnh, trả về Q và R\n",
    "\n",
    "**8. Hàm `numpy.linalg.qr(A)`**\n",
    "> Phân rã QR sử dụng hàm của thư viện NumPy, ngôn ngữ Python, trả về Q và R để kiểm tra kết quả (Mở rộng)"
   ]
  }
 ],
 "metadata": {
  "kernelspec": {
   "display_name": ".venv",
   "language": "python",
   "name": "python3"
  },
  "language_info": {
   "codemirror_mode": {
    "name": "ipython",
    "version": 3
   },
   "file_extension": ".py",
   "mimetype": "text/x-python",
   "name": "python",
   "nbconvert_exporter": "python",
   "pygments_lexer": "ipython3",
   "version": "3.13.2"
  }
 },
 "nbformat": 4,
 "nbformat_minor": 2
}
